                                             Regression Model 1: Full Model

                                                   The REG Procedure                                                    
                                                     Model: MODEL1                                                      
                                              Dependent Variable: quality                                               

Source                 DF  Sum of Squares  Mean Square   F Value    Pr > F
---------------  --------  --------------  -----------  --------  --------
Model                  11       126.24694     11.47699     11.30    <.0001
Error                  48        48.75306      1.01569                    
Corrected Total        59       175.00000                                 

Root MSE           1.00781    R-Square            0.7214
Dependent Mean       5.50000    Adj R-Sq            0.6576
Coeff Var         18.32389

                                             Parameter Estimates                                             

Variable                    DF    Estimate  Standard Error   t Value  Pr > |t|  Tolerance  Variance Inflation
--------------------  --------  ----------  --------------  --------  --------  ---------  ------------------
Intercept                    1   335.68827       186.52249      1.80    0.0782          .                   .
fixed_acidity                1     0.06118         0.25138      0.24    0.8088    0.07765            12.87894
volatile_acidity             1    -3.72314         0.75388     -4.94    <.0001    0.46694             2.14158
citric_acid                  1    -1.35760         1.45012     -0.94    0.3539    0.12449             8.03254
residual_sugar               1     0.12479         0.12114      1.03    0.3081    0.41801             2.39230
chlorides                    1    -4.85323         2.83244     -1.71    0.0931    0.27755             3.60293
free_sulfur_dioxide          1     0.01643         0.02049      0.80    0.4266    0.45010             2.22174
total_sulfur_dioxide         1    -0.01087         0.00834     -1.30    0.1988    0.32532             3.07392
density                      1  -320.88336       189.11671     -1.70    0.0962    0.13968             7.15924
pH                           1    -4.39833         1.63456     -2.69    0.0098    0.17249             5.79746
sulphates                    1     0.02884         1.03639      0.03    0.9779    0.27860             3.58931
alcohol                      1     0.66327         0.20686      3.21    0.0024    0.25187             3.97030

              Output Statistics               

     Obs  Dep Var quality  Predicted  Residual
--------  ---------------  ---------  --------
       1           5.0000     3.8496    1.1504
       2           5.0000     5.0090   -0.0090
       3           5.0000     5.0412   -0.0412
       4           6.0000     6.4475   -0.4475
       5           5.0000     3.8496    1.1504
       6           5.0000     3.9585    1.0415
       7           5.0000     5.3316   -0.3316
       8           7.0000     6.1526    0.8474
       9           7.0000     5.5090    1.4910
      10           5.0000     5.4599   -0.4599
      11           5.0000     5.2474   -0.2474
      12           5.0000     5.4599   -0.4599
      13           5.0000     4.9116    0.0884
      14           7.0000     6.2222    0.7778
      15           4.0000     4.8193   -0.8193
      16           6.0000     5.4019    0.5981
      17           6.0000     5.9205    0.0795
      18           6.0000     5.7374    0.2626
      19           6.0000     5.4957    0.5043
      20           6.0000     5.3583    0.6417
      21           6.0000     4.8479    1.1521
      22           6.0000     4.9143    1.0857
      23           6.0000     5.5670    0.4330
      24           7.0000     6.6098    0.3902
      25           4.0000     3.1303    0.8697
      26           4.0000     4.9813   -0.9813
      27           6.0000     5.7588    0.2412
      28           4.0000     6.0410   -2.0410
      29           7.0000     5.2313    1.7687
      30           4.0000     4.3434   -0.3434
      31           4.0000     4.7313   -0.7313
      32           4.0000     3.4390    0.5610
      33           7.0000     5.8329    1.1671
      34           4.0000     3.6832    0.3168
      35           4.0000     5.7679   -1.7679
      36           4.0000     5.4089   -1.4089
      37           7.0000     6.4309    0.5691
      38           7.0000     7.0241   -0.0241
      39           7.0000     6.4767    0.5233
      40           7.0000     6.4767    0.5233
      41           8.0000     7.9223    0.0777
      42           8.0000     8.9623   -0.9623
      43           8.0000     6.4726    1.5274
      44           8.0000     7.4262    0.5738
      45           8.0000     7.5320    0.4680
      46           3.0000     3.4626   -0.4626
      47           8.0000     8.4650   -0.4650
      48           8.0000     7.6883    0.3117
      49           8.0000     7.6883    0.3117
      50           3.0000     3.5879   -0.5879
      51           8.0000     8.5571   -0.5571
      52           3.0000     3.0729   -0.0729
      53           8.0000     8.1762   -0.1762
      54           3.0000     5.0171   -2.0171
      55           3.0000     3.8340   -0.8340
      56           3.0000     2.4972    0.5028
      57           3.0000     4.5980   -1.5980
      58           3.0000     4.1348   -1.1348
      59           3.0000     4.5662   -1.5662
      60           3.0000     4.4594   -1.4594

                Output Statistics                 

     Obs  RStudent    DFFITS  Cook's D  Hat Diag H
--------  --------  --------  --------  ----------
       1    1.2127    0.4162  0.014295      0.1054
       2   -0.0098   -0.0047  0.000002      0.1854
       3   -0.0424   -0.0132  0.000015      0.0885
       4   -0.4765   -0.1965  0.003271      0.1454
       5    1.2127    0.4162  0.014295      0.1054
       6    1.1007    0.3963  0.013027      0.1147
       7   -0.3457   -0.1220  0.001263      0.1107
       8    0.8891    0.3120  0.008148      0.1096
       9    1.5501    0.3998  0.012945      0.0624
      10   -0.5096   -0.2632  0.005861      0.2105
      11   -0.2595   -0.0968  0.000797      0.1222
      12   -0.5096   -0.2632  0.005861      0.2105
      13    0.0918    0.0316  0.000085      0.1062
      14    0.8579    0.4226  0.014963      0.1952
      15   -0.8615   -0.3096  0.008033      0.1144
      16    0.6633    0.3407  0.009789      0.2088
      17    0.0866    0.0415  0.000147      0.1869
      18    0.2718    0.0899  0.000687      0.0987
      19    0.5137    0.1362  0.001570      0.0657
      20    0.6700    0.2321  0.004543      0.1072
      21    1.8205    2.1692  0.374069      0.5867
      22    1.1647    0.4664  0.017993      0.1382
      23    0.4498    0.1522  0.001964      0.1028
      24    0.4059    0.1396  0.001654      0.1058
      25    1.0134    0.6233  0.032353      0.2744
      26   -1.0061   -0.2614  0.005692      0.0632
      27    0.2806    0.1777  0.002684      0.2863
      28   -2.6454   -1.9016  0.267867      0.3407
      29    1.8428    0.4124  0.013502      0.0477
      30   -0.3502   -0.0967  0.000793      0.0708
      31   -0.8963   -0.6536  0.035742      0.3471
      32    0.6835    0.4950  0.020651      0.3441
      33    1.2946    0.6243  0.032025      0.1886
      34    0.6102    1.0241  0.088561      0.7380
      35   -2.2321   -1.5706  0.189829      0.3312
      36   -1.4848   -0.4703  0.017984      0.0912
      37    0.6491    0.3772  0.012002      0.2524
      38   -0.0250   -0.0087  0.000006      0.1076
      39    0.5722    0.2755  0.006415      0.1882
      40    0.5722    0.2755  0.006415      0.1882
      41    0.0900    0.0561  0.000268      0.2803
      42   -1.1037   -0.6341  0.033353      0.2482
      43    1.7866    1.0247  0.083672      0.2475
      44    0.6334    0.3190  0.008586      0.2023
      45    0.5482    0.3528  0.010523      0.2929
      46   -0.5262   -0.3040  0.007820      0.2503
      47   -0.5015   -0.2245  0.004266      0.1669
      48    0.3230    0.1079  0.000988      0.1003
      49    0.3230    0.1079  0.000988      0.1003
      50   -0.6246   -0.2506  0.005301      0.1387
      51   -0.6460   -0.3995  0.013461      0.2766
      52   -0.0815   -0.0443  0.000167      0.2280
      53   -0.2115   -0.1486  0.001876      0.3303
      54   -2.5545   -1.7340  0.224706      0.3154
      55   -0.9523   -0.5444  0.024743      0.2463
      56    0.6389    0.5194  0.022763      0.3979
      57   -1.9211   -1.2000  0.113628      0.2807
      58   -1.2563   -0.6027  0.029908      0.1871
      59   -1.7224   -0.7307  0.042740      0.1525
      60   -1.5578   -0.5480  0.024305      0.1101

